e 9.34 9.52 11.58 
a 9.15 9.25 7.52  
o 7.09 7.36 7.07
t 7.04 6.82 8.57 
i 6.52 6.44 7.08 
n 6.15 6.02 6.74 
s 5.19 5.26 6.15 
h 4.60 4.51 4.71
l 4.38 4.35 3.82 
r 4.24 4.37 5.86 
m 3.18 3.15 2.38 
d 3.12 3.14 3.55
u 3.10 3.17 2.55 
y 2.74 2.64 1.55 
g 2.60 2.41 1.75
c 2.02 2.09 3.13 
k 2.00 2.00 0.52 
w 1.95 1.86 1.55 
b 1.85 1.75 1.40
p 1.64 1.72 2.00 
f 1.42 1.48 2.23 
v 0.80 0.87 0.99 
j 0.57 0.54 0.16
z 0.27 0.28 0.09 
x 0.27 0.29 0.22
q 0.09 0.15 0.11
. 1.694 1.748 1.151
@ 1.221 1.258 0.000
! 0.940 0.813 0.013
' 0.550 0.446 0.200
_ 0.527 0.499 0.001
, 0.401 0.532 0.000
: 0.381 0.344 0.087
# 0.377 0.350 0.000
? 0.338 0.362 0.032
" 0.205 0.110 2.284*
- 0.185 0.193 0.217
) 0.181 0.228 0.140
< 0.095 0.100 0.001
> 0.094 0.106 0.002
( 0.089 0.087 0.140
* 0.075 0.072 0.008
& 0.055 0.044 0.005
; 0.048 0.051 0.096
/ 0.042 0.046 0.019
^ 0.017 0.023 0.003
= 0.016 0.025 0.002
~ 0.013 0.020 0.001
$ 0.010 0.012 0.005
| 0.007 0.007 0.001
\ 0.005 0.003 0.001
+ 0.005 0.006 0.001
% 0.004 0.004 0.006
] 0.002 0.001 0.010
{ 0.002 0.001 0.000
} s0.002 0.003 0.000
[ 0.001 0.002 <0.001